2.249961
1.140058
1.140058
0.638007
1.711917
0.879002
0.811019
0.000000
1.567845
1.851952
1.266618
0.638007
0.638007
1.739533
0.000000
1.596267
1.508664
1.162422
1.796059
1.140058
1.988173
1.140058
0.458792
1.567845
0.272914
0.708366
2.146234
0.638007
0.458792
-0.300330
0.946072
-0.548516
0.458792
0.272914
1.266618
0.272914
0.079859
1.711917
0.978245
0.898386
0.898386
0.811019
0.102654
0.638007
-0.750152
-0.104093
0.638007
0.458792
0.682898
0.638007
0.458792
0.272914
1.711917
0.458792
1.933789
2.350697
2.249961
1.140058
2.850093
1.878808
2.850093
1.938485
1.878808
1.739533
0.944620
1.346373
1.269812
3.307379
1.449026
1.096799
1.984831
2.012447
3.608715
1.685887
3.331203
5.017091
